{"Arithmetic Returns":[0.0262,0.024,0.0365,0.049100000000000005,0.044500000000000005,0.046799999999999994,0.0484,0.0361,0.0572,0.057300000000000004,0.064,0.07139999999999999,0.065,0.0377,0.0462,0.036699999999999997,0.049400000000000006,0.0758,0.078,0.07400000000000001,0.0377,0.0553,0.0907,0.0946,0.09939999999999999,0.12560000000000002,0.11460000000000001,0.09179999999999999,0.1042,0.1114,0.1537,0.11960000000000001,0.1177,0.0974,0.11380000000000001,0.1018,0.08789999999999999,0.08929999999999999,0.1,0.0977,0.0973,0.1164,0.1073,0.0622,0.0909,0.07519999999999999,0.0908,0.0794,0.0684,0.0837,0.0719,0.052199999999999996,0.0576,0.0558,0.0509,0.0441,0.08650000000000001,0.046,0.0482],"Class Names":["U.S. Inflation","U.S. Cash","U.S. Intermediate Treasuries","U.S. Long Treasuries","TIPS","U.S. Aggregate Bonds","U.S. Securitized","U.S. Short Duration Government/Credit","U.S. Long Duration Government/Credit","U.S. Inv Grade Corporate Bonds","U.S. Long Corporate Bonds","U.S. High Yield Bonds","U.S. Leveraged Loans","World Government Bonds hedged","World Government Bonds","World ex-U.S. Government Bonds hedged","World ex-U.S. Government Bonds","Emerging Markets Sovereign Debt","Emerging Markets Local Currency Debt","Emerging Markets Corporate Bonds","U.S. Muni 1-15 Yr Blend","U.S. Muni High Yield","U.S. Large Cap","U.S. Mid Cap","U.S. Small Cap","Euro Area Large Cap","Japanese Equity","Hong Kong Equity","UK Large Cap","EAFE Equity","Chinese Domestic Equity","Emerging Markets Equity","AC Asia ex-Japan Equity","AC World Equity","U.S. Equity Value Factor","U.S. Equity Momentum Factor","U.S. Equity Quality Factor","U.S. Equity Minimum Volatility Factor","U.S. Equity Dividend Yield Factor","U.S. Convertible Bonds hedged","Global Convertible Bonds hedged","Private Equity","Venture Capital","U.S. Core Real Estate","U.S. Value-Added Real Estate","European Core Real Estate","Asia Pacific Core Real Estate","U.S. REITs","Global Core Infrastructure","Global Core Transport","Global Timberland","Diversified Hedge Funds","Event Driven Hedge Funds","Long Bias Hedge Funds","Relative Value Hedge Funds","Macro Hedge Funds","Direct Lending","Commodities","Gold"],"Annual Volatility":[1.765504606,0.498744326,3.183604559,12.27251741,5.573859126,4.090440967,3.06382836,1.630612455,10.4736391,7.022778135,11.37426635,8.526555309,7.983499303,3.678456421,6.834991713,3.706761945,8.505946173,10.23419898,12.37879661,9.340933881,3.790770643,8.317892781,16.12949082,18.04476467,20.37396238,21.85935893,15.46478975,19.39702134,17.22823892,17.40261119,29.3839205,20.65304729,20.1078824,16.63121802,17.04888651,16.93826347,14.76450475,12.700171,15.68604013,13.0672171,11.77953976,19.95550487,22.54249886,10.56490655,17.58017609,12.51257941,14.74764829,15.84114039,10.82112876,13.83587322,10.264872,6.887202211,8.730673297,11.07724271,6.288502854,8.125865462,13.64844192,17.87827259,16.76848891],"Correlations":[[1.0,-0.032037808,-0.390313145,-0.292940663,-0.098415553,-0.392039583,-0.393515849,-0.456903632,-0.323865068,-0.254092216,-0.266003961,-0.09444642,0.090321638,-0.472653246,-0.302265999,-0.487968708,-0.280471788,-0.175130396,-0.087988528,-0.10842948,-0.235517245,0.159882655,-0.067277998,-0.072321473,-0.096255711,-0.093089067,-0.125964122,-0.021521096,0.00848398,-0.079312538,-0.05280877,-0.046966057,-0.087016427,-0.072389773,-0.096337213,-0.054431998,-0.072857387,-0.043273108,-0.049759611,-0.127670422,-0.172408549,0.131676999,0.022444843,0.332540255,0.332477899,0.252709041,0.225542879,-0.054039726,0.216954355,0.210521044,-0.129271707,0.043461706,-0.018731115,-0.073801388,0.047438141,0.013298999,0.227275884,0.306699595,-0.021286225],[-0.032037808,1.0,0.255859337,0.123616218,0.092664428,0.157259201,0.191308467,0.331538156,0.079679315,0.059118381,0.036194933,-0.066099046,-0.128925261,0.17383853,0.149718172,0.144533293,0.126171572,0.04295547,0.107423625,0.011958377,0.101091952,-0.029751984,-0.049482096,-0.06424494,-0.067680179,0.003209292,-0.069658936,-0.002325792,-0.060973026,-0.026905858,0.14952318,0.027882819,0.022320015,-0.028703944,-0.087674306,-0.035489908,-0.046451002,-0.074357544,-0.096582551,-0.053950844,-0.031095707,-0.014001968,-0.064386392,-0.124582728,-0.124627608,-0.051877365,-0.061826465,-0.042191604,-0.027392853,0.12443167,0.123288307,0.016709134,-0.057920118,-0.039073704,-0.058134782,0.05427347,-0.132266232,-0.033068956,0.084525047],[-0.390313145,0.255859337,1.0,0.826414968,0.58325733,0.830482067,0.794668595,0.814484181,0.718480749,0.453187249,0.454421827,-0.05447839,-0.40541451,0.85346366,0.720557143,0.711765798,0.60659043,0.242442918,0.179243918,0.14219084,0.505990465,0.066850163,-0.145508416,-0.165199871,-0.171728825,-0.087627283,-0.083035517,-0.145334607,-0.238982091,-0.123389589,-0.073149384,-0.115800723,-0.091638685,-0.139414263,-0.17875497,-0.121527975,-0.125272507,-0.134316094,-0.180316802,-0.102361905,-0.107081542,-0.458014289,-0.427718966,-0.368875956,-0.368895977,-0.389009803,-0.333324618,-0.010072139,-0.302397199,0.02628738,-0.074036829,-0.308780503,-0.26296604,-0.197532654,-0.296251101,-0.120654785,-0.464412946,-0.305553148,0.301586146],[-0.292940663,0.123616218,0.826414968,1.0,0.579656303,0.817843454,0.695369713,0.540814249,0.889126258,0.535890676,0.622937847,-0.039323779,-0.31406937,0.860369866,0.618255245,0.736672942,0.499178929,0.26647847,0.118349299,0.162961194,0.473217879,0.16136761,-0.105731611,-0.126099972,-0.160504521,-0.126616306,-0.057164376,-0.150162458,-0.248705335,-0.130760641,-0.055329826,-0.119550303,-0.084988784,-0.119285489,-0.180712075,-0.054084113,-0.088479963,-0.076578096,-0.161011182,-0.041548991,-0.047216621,-0.506524874,-0.439727158,-0.284062004,-0.284156482,-0.38843534,-0.302938588,0.086679703,-0.323975018,0.022049114,-0.189112168,-0.221406722,-0.265461117,-0.198836071,-0.264469633,-0.112010818,-0.467722267,-0.343171233,0.267888757],[-0.098415553,0.092664428,0.58325733,0.579656303,1.0,0.720391103,0.625932976,0.558849943,0.672702501,0.686492268,0.640757245,0.46486628,0.186522616,0.55352386,0.653324885,0.495465725,0.626025511,0.59210152,0.439835976,0.544514022,0.537458006,0.445599531,0.255250766,0.270547612,0.190967701,0.26005278,0.239061242,0.196924186,0.200787516,0.282170755,0.103626594,0.312694481,0.297161416,0.290848026,0.198527959,0.319237006,0.26287691,0.24626319,0.222451405,0.369226957,0.354718269,0.103512317,0.019195829,0.026632839,0.026564476,0.101998118,0.214666463,0.313777621,0.225596765,-0.036320339,0.04581316,0.233177275,0.244276037,0.274356002,0.276231588,0.117220319,0.138615596,0.20353714,0.478506483],[-0.392039583,0.157259201,0.830482067,0.817843454,0.720391103,1.0,0.919459571,0.824170762,0.931371822,0.810684006,0.824282653,0.36376984,0.015980181,0.860740624,0.782139066,0.78218957,0.707619418,0.581914134,0.439243723,0.502954462,0.687288726,0.314603684,0.191708002,0.193527606,0.136774805,0.233057971,0.232804833,0.17046774,0.097102209,0.224914909,0.121953244,0.222757701,0.238910766,0.220245072,0.147588811,0.23409318,0.206743036,0.197152019,0.15855652,0.277237273,0.292703066,-0.148264778,-0.208273834,-0.217136707,-0.217214996,-0.154285419,-0.014979937,0.284446514,-0.049223144,-0.104278434,0.026762711,0.040419146,0.103353991,0.167996904,0.112886322,-0.067740827,-0.148816716,-0.155358553,0.333563495],[-0.393515849,0.191308467,0.794668595,0.695369713,0.625932976,0.919459571,1.0,0.813418134,0.767377594,0.664010739,0.655644372,0.344678938,-0.010481016,0.761267509,0.708906115,0.67955519,0.643523546,0.521531395,0.395739291,0.425088013,0.637898256,0.269397484,0.163364187,0.16572014,0.121747875,0.216830944,0.214344085,0.143820906,0.087022067,0.198480471,0.096543712,0.189001636,0.199759878,0.187737757,0.147901278,0.187531328,0.173577354,0.170516782,0.150844816,0.212875722,0.229643193,-0.159340604,-0.19770774,-0.164452878,-0.164475466,-0.172475032,0.014862756,0.25021845,-0.022217627,-0.034708945,0.005471897,-0.032139537,0.077841965,0.12809831,0.088123531,-0.144036017,-0.098693714,-0.173862409,0.277484181],[-0.456903632,0.331538156,0.814484181,0.540814249,0.558849943,0.824170762,0.813418134,1.0,0.62968333,0.591337363,0.544265632,0.28546009,-0.058999959,0.711136517,0.713093913,0.629036314,0.65105088,0.419456492,0.382081854,0.371512708,0.530983476,0.10893719,0.090963327,0.098576238,0.064981267,0.199657734,0.177392867,0.131304312,0.051167467,0.172899456,0.072808176,0.181918336,0.190783837,0.144430186,0.088721326,0.106019615,0.102284233,0.072395295,0.076113771,0.154350465,0.186611071,-0.10986127,-0.200972989,-0.286127233,-0.286082015,-0.166678005,-0.088602846,0.102481046,-0.034811065,-0.108990973,0.104416574,-0.040823282,0.084852446,0.134473753,0.073962755,-0.008691343,-0.172757332,-0.113278764,0.283844978],[-0.323865068,0.079679315,0.718480749,0.889126258,0.672702501,0.931371822,0.767377594,0.62968333,1.0,0.807763198,0.889704719,0.309853172,0.006351201,0.837804304,0.71039167,0.774216484,0.635855539,0.545734687,0.388317724,0.4593894,0.605125327,0.29524623,0.19782002,0.189954694,0.129000803,0.193342623,0.22802468,0.142203565,0.081283884,0.206890395,0.101226926,0.195876057,0.217116387,0.214141501,0.130652277,0.242836894,0.211617959,0.213874706,0.153985466,0.269115048,0.282060151,-0.191464825,-0.227264838,-0.198752009,-0.198863505,-0.153577476,-0.038194675,0.315976072,-0.108856812,-0.108769096,-0.005003569,0.068341505,0.082412566,0.14614509,0.090637668,-0.019377243,-0.190686372,-0.150084236,0.299131368],[-0.254092216,0.059118381,0.453187249,0.535890676,0.686492268,0.810684006,0.664010739,0.591337363,0.807763198,1.0,0.964003401,0.65924569,0.360114635,0.576508859,0.633489234,0.570682236,0.626477284,0.811564161,0.60277007,0.796256753,0.669005527,0.514558851,0.460670201,0.47536206,0.395107477,0.476477336,0.479382145,0.427864922,0.387213242,0.50009705,0.273429747,0.488339437,0.50134327,0.506778238,0.402781946,0.511812861,0.466706654,0.440760416,0.41280803,0.583792946,0.609656949,0.287929215,0.125503743,-0.002215593,-0.002329117,0.192085229,0.309396358,0.459392427,0.222794819,-0.300512147,0.198645573,0.379700937,0.416855379,0.468474721,0.441851276,0.06839594,0.187581265,0.088561708,0.313218216],[-0.266003961,0.036194933,0.454421827,0.622937847,0.640757245,0.824282653,0.655644372,0.544265632,0.889704719,0.964003401,1.0,0.595068908,0.301232438,0.623661495,0.631282841,0.618294511,0.615062135,0.749235185,0.561564905,0.708493961,0.617417709,0.430400539,0.443348675,0.448782856,0.370783307,0.439259877,0.456567872,0.388824303,0.356002646,0.471648821,0.236129945,0.446758434,0.462245048,0.481148319,0.379140429,0.487107364,0.449722435,0.436858027,0.398469603,0.527719345,0.555331598,0.180144903,0.050968183,-0.035536498,-0.035656562,0.122442007,0.244877474,0.471441737,0.141174784,-0.253389522,0.171129523,0.333869368,0.370001393,0.424947306,0.384056156,0.072625242,0.105612687,0.05174376,0.278704034],[-0.09444642,-0.066099046,-0.05447839,-0.039323779,0.46486628,0.36376984,0.344678938,0.28546009,0.309853172,0.65924569,0.595068908,1.0,0.768680471,0.074700649,0.311577513,0.144514721,0.394035836,0.751985876,0.642559888,0.740473789,0.393124555,0.497038801,0.739346424,0.786789133,0.710647616,0.734683615,0.678054365,0.60708023,0.714038036,0.775098264,0.333552087,0.739359145,0.715960998,0.789061158,0.739602609,0.758897747,0.727529717,0.710525397,0.729088557,0.800834614,0.818429461,0.698478412,0.490967714,0.41896506,0.418948738,0.50488688,0.665340612,0.644063531,0.570223413,-0.156198598,0.248309883,0.631900435,0.788833799,0.778076374,0.831013939,0.103510857,0.694374554,0.390642069,0.134776537],[0.090321638,-0.128925261,-0.40541451,-0.31406937,0.186522616,0.015980181,-0.010481016,-0.058999959,0.006351201,0.360114635,0.301232438,0.768680471,1.0,-0.220762326,-0.055527035,-0.106822329,0.036044025,0.451223542,0.353396802,0.564691851,0.13287284,0.48206332,0.573021219,0.616497961,0.539073287,0.525111857,0.479342137,0.497959272,0.611494063,0.57840702,0.269858212,0.572426274,0.538981616,0.606085308,0.569000678,0.597627304,0.546068948,0.533410947,0.570602823,0.656353131,0.673846719,0.674633831,0.506964604,0.503509748,0.503509515,0.497208302,0.653758636,0.423403437,0.605981025,-0.067295591,0.164834539,0.679121288,0.755016432,0.66985403,0.857649793,0.084151041,0.734610236,0.386199193,-0.028920976],[-0.472653246,0.17383853,0.85346366,0.860369866,0.55352386,0.860740624,0.761267509,0.711136517,0.837804304,0.576508859,0.623661495,0.074700649,-0.220762326,1.0,0.699041554,0.963047658,0.608617489,0.365391106,0.232283517,0.258967687,0.555014522,0.16040877,-0.017473561,-0.038272683,-0.065827824,-0.011516944,0.002125021,-0.092217278,-0.163873696,-0.032673301,-0.006974229,-0.034519889,-0.0107594,-0.025770973,-0.061809043,0.008408078,0.001559182,0.010046751,-0.065089119,0.040953565,0.051943171,-0.398754942,-0.369613813,-0.33706798,-0.337115014,-0.38046274,-0.263913289,0.139964985,-0.254708328,-0.021463854,-0.057273226,-0.17900444,-0.152178819,-0.096653633,-0.159553878,-0.112811667,-0.362889518,-0.373643818,0.232476213],[-0.302265999,0.149718172,0.720557143,0.618255245,0.653324885,0.782139066,0.708906115,0.713093913,0.71039167,0.633489234,0.631282841,0.311577513,-0.055527035,0.699041554,1.0,0.644096467,0.982607193,0.535220214,0.594831502,0.420633833,0.519254548,0.160897699,0.248522859,0.225119458,0.17556826,0.371798083,0.283371528,0.225385614,0.243244107,0.3575722,0.110100741,0.355885973,0.33338702,0.323425904,0.204685043,0.247252378,0.246961484,0.228393379,0.211278508,0.282375283,0.276886488,-0.002835148,-0.129441684,-0.206676476,-0.206725794,0.1192975,0.102670319,0.280445001,0.119056517,-0.065231389,0.203725501,0.046428684,0.150218187,0.234250735,0.094578446,0.093616236,-0.181048953,0.098599195,0.4747201],[-0.487968708,0.144533293,0.711765798,0.736672942,0.495465725,0.78218957,0.67955519,0.629036314,0.774216484,0.570682236,0.618294511,0.144514721,-0.106822329,0.963047658,0.644096467,1.0,0.585282571,0.409972009,0.26524851,0.300426406,0.534715493,0.172996754,0.063128892,0.042688394,0.01137046,0.050716612,0.053375798,-0.048842405,-0.088825074,0.036184825,0.015212507,0.024484568,0.03659637,0.050107624,0.026954696,0.07576505,0.077755612,0.090619005,0.021162252,0.118083675,0.134070349,-0.293370806,-0.280381191,-0.30985908,-0.309889098,-0.325179393,-0.195998972,0.197772222,-0.187161051,-0.070475664,0.002110623,-0.094482091,-0.053002496,-0.016235748,-0.055800351,-0.075008639,-0.241272816,-0.328532968,0.189746521],[-0.280471788,0.126171572,0.60659043,0.499178929,0.626025511,0.707619418,0.643523546,0.65105088,0.635855539,0.626477284,0.615062135,0.394035836,0.036044025,0.608617489,0.982607193,0.585282571,1.0,0.581260895,0.658872641,0.458725143,0.49729829,0.178365098,0.331476336,0.311522328,0.257366473,0.457482723,0.353398641,0.293899652,0.342275192,0.448577838,0.139476905,0.443002086,0.408077927,0.413625188,0.293910347,0.324401592,0.325357899,0.305467877,0.299392823,0.362653094,0.356562308,0.121834383,-0.021238284,-0.159977849,-0.160023893,0.240797537,0.194254145,0.323757935,0.217667026,-0.088450889,0.260729188,0.130563615,0.250219626,0.331153039,0.193257107,0.132000368,-0.072375923,0.19285911,0.473597677],[-0.175130396,0.04295547,0.242442918,0.26647847,0.59210152,0.581914134,0.521531395,0.419456492,0.545734687,0.811564161,0.749235185,0.751985876,0.451223542,0.365391106,0.535220214,0.409972009,0.581260895,1.0,0.787804089,0.897472354,0.574805279,0.544521378,0.615312189,0.606967807,0.517450317,0.655980405,0.550201136,0.535773263,0.553420419,0.658775346,0.28987447,0.651020298,0.620921209,0.665778172,0.55402973,0.633911824,0.620425169,0.5882478,0.56124458,0.670686469,0.701256746,0.538927524,0.363866434,0.166460876,0.166361607,0.398037498,0.475911757,0.556237376,0.453834237,-0.193736163,0.317101954,0.483270186,0.554072352,0.592982973,0.575132172,0.097845305,0.451917111,0.265062305,0.271954154],[-0.087988528,0.107423625,0.179243918,0.118349299,0.439835976,0.439243723,0.395739291,0.382081854,0.388317724,0.60277007,0.561564905,0.642559888,0.353396802,0.232283517,0.594831502,0.26524851,0.658872641,0.787804089,1.0,0.711349694,0.352305008,0.275149138,0.613922199,0.606089356,0.553004768,0.72991755,0.612770433,0.65598588,0.657128232,0.741197843,0.319925138,0.795920369,0.742363379,0.716700008,0.610053241,0.578314343,0.615999164,0.609177073,0.624327485,0.579155094,0.610875165,0.567094566,0.35571242,0.18318488,0.183104542,0.478316506,0.51101035,0.560424835,0.493023832,-0.048860542,0.462728175,0.417149845,0.549474026,0.617884629,0.552039624,0.175220698,0.384911668,0.397175058,0.342985137],[-0.10842948,0.011958377,0.14219084,0.162961194,0.544514022,0.502954462,0.425088013,0.371512708,0.4593894,0.796256753,0.708493961,0.740473789,0.564691851,0.258967687,0.420633833,0.300426406,0.458725143,0.897472354,0.711349694,1.0,0.457054019,0.540062395,0.576815675,0.579622291,0.491850323,0.622914328,0.544809443,0.576336412,0.560254294,0.635636143,0.351522051,0.658936055,0.641340864,0.638609608,0.536375769,0.588586003,0.575682306,0.526791511,0.527179044,0.657739656,0.705225508,0.573925732,0.383965404,0.263209065,0.263159041,0.418316742,0.537674041,0.484916861,0.481851823,-0.193964053,0.268542248,0.519163939,0.580298884,0.606929416,0.61813774,0.054551265,0.495445885,0.274385743,0.243204508],[-0.235517245,0.101091952,0.505990465,0.473217879,0.537458006,0.687288726,0.637898256,0.530983476,0.605125327,0.669005527,0.617417709,0.393124555,0.13287284,0.555014522,0.519254548,0.534715493,0.49729829,0.574805279,0.352305008,0.457054019,1.0,0.581848715,0.170561231,0.199285566,0.16151797,0.213093743,0.181401586,0.161163029,0.107060764,0.192953003,0.088467602,0.166678089,0.17759899,0.185032009,0.132089674,0.24047031,0.194063266,0.18759604,0.161805374,0.30039056,0.29592156,0.022354489,-0.036411395,-0.221526226,-0.221578918,0.023616194,0.091087935,0.217285293,0.053140464,-0.197094995,0.056504338,0.09591148,0.130200438,0.161890359,0.155036367,-0.085630166,0.036490144,-0.171421943,0.180206623],[0.159882655,-0.029751984,0.066850163,0.16136761,0.445599531,0.314603684,0.269397484,0.10893719,0.29524623,0.514558851,0.430400539,0.497038801,0.48206332,0.16040877,0.160897699,0.172996754,0.178365098,0.544521378,0.275149138,0.540062395,0.581848715,1.0,0.287064916,0.298955192,0.223105642,0.268384084,0.240768836,0.256716759,0.283271274,0.28184104,0.160630836,0.298107387,0.292732237,0.295696554,0.221247635,0.358456497,0.278657664,0.268153207,0.23465381,0.381775064,0.384863224,0.327577625,0.25563825,0.391505123,0.391443973,0.255416204,0.481865918,0.280735752,0.32071725,0.01379252,-0.007964334,0.405962781,0.38501655,0.318120061,0.4505127,-0.027302023,0.355875487,0.143665686,0.09063696],[-0.067277998,-0.049482096,-0.145508416,-0.105731611,0.255250766,0.191708002,0.163364187,0.090963327,0.19782002,0.460670201,0.443348675,0.739346424,0.573021219,-0.017473561,0.248522859,0.063128892,0.331476336,0.615312189,0.613922199,0.576815675,0.170561231,0.287064916,1.0,0.963961979,0.905339422,0.851527117,0.73886702,0.644419763,0.820739704,0.891340777,0.358632076,0.758032473,0.734512446,0.965452929,0.962340463,0.961520098,0.989188258,0.936384126,0.92831901,0.855429998,0.85854447,0.774611474,0.635290386,0.41048773,0.410431917,0.562688912,0.625372376,0.758568741,0.449648968,0.012359407,0.370996873,0.707968602,0.8202371,0.874569392,0.710461667,0.197830507,0.602334401,0.387509667,0.034891687],[-0.072321473,-0.06424494,-0.165199871,-0.126099972,0.270547612,0.193527606,0.16572014,0.098576238,0.189954694,0.47536206,0.448782856,0.786789133,0.616497961,-0.038272683,0.225119458,0.042688394,0.311522328,0.606967807,0.606089356,0.579622291,0.199285566,0.298955192,0.963961979,1.0,0.950860193,0.840978114,0.738303506,0.640588717,0.80624406,0.88395612,0.352383058,0.774399694,0.74817571,0.94939251,0.960362254,0.960765625,0.959769944,0.922209672,0.936922747,0.892318555,0.887230889,0.789508702,0.662582355,0.401861735,0.401828407,0.564884749,0.645529058,0.772873504,0.451283828,-0.042708121,0.373362473,0.737923566,0.858334434,0.908111044,0.757231115,0.205395339,0.670007176,0.411998229,0.048612865],[-0.096255711,-0.067680179,-0.171728825,-0.160504521,0.190967701,0.136774805,0.121747875,0.064981267,0.129000803,0.395107477,0.370783307,0.710647616,0.539073287,-0.065827824,0.17556826,0.01137046,0.257366473,0.517450317,0.553004768,0.491850323,0.16151797,0.223105642,0.905339422,0.950860193,1.0,0.774309521,0.691995472,0.589636954,0.730073619,0.812364892,0.342750611,0.708169627,0.695864734,0.88033566,0.921832352,0.900630375,0.904682965,0.857519077,0.879792492,0.846260388,0.831561575,0.737029812,0.695373438,0.354129121,0.354119191,0.483526726,0.549614426,0.733335459,0.391679939,-0.031295193,0.394725529,0.658230192,0.81265277,0.863445916,0.67731634,0.123264738,0.599926461,0.33022912,-0.000917274],[-0.093089067,0.003209292,-0.087627283,-0.126616306,0.26005278,0.233057971,0.216830944,0.199657734,0.193342623,0.476477336,0.439259877,0.734683615,0.525111857,-0.011516944,0.371798083,0.050716612,0.457482723,0.655980405,0.72991755,0.622914328,0.213093743,0.268384084,0.851527117,0.840978114,0.774309521,1.0,0.757582105,0.711620097,0.899211986,0.967617366,0.362694134,0.834688698,0.803371774,0.929660039,0.843940475,0.812683509,0.835039268,0.787294577,0.81301177,0.762755159,0.81131956,0.772804822,0.565262791,0.312327857,0.312295205,0.648100502,0.638402243,0.66402471,0.512009059,-0.003650798,0.472871275,0.664641879,0.782473217,0.833289546,0.70931767,0.236498264,0.52953515,0.425050163,0.070077982],[-0.125964122,-0.069658936,-0.083035517,-0.057164376,0.239061242,0.232804833,0.214344085,0.177392867,0.22802468,0.479382145,0.456567872,0.678054365,0.479342137,0.002125021,0.283371528,0.053375798,0.353398641,0.550201136,0.612770433,0.544809443,0.181401586,0.240768836,0.73886702,0.738303506,0.691995472,0.757582105,1.0,0.61133798,0.738020414,0.848442111,0.332814017,0.696181168,0.681826534,0.80878188,0.732101347,0.717749633,0.71616191,0.663203853,0.694492884,0.709387343,0.742869088,0.596995509,0.525366387,0.334090531,0.334129089,0.51224648,0.55010906,0.538360975,0.391548279,-0.178769508,0.270729891,0.611225436,0.708239141,0.761401882,0.653751805,0.153791812,0.422337574,0.318870948,0.018843253],[-0.021521096,-0.002325792,-0.145334607,-0.150162458,0.196924186,0.17046774,0.143820906,0.131304312,0.142203565,0.427864922,0.388824303,0.60708023,0.497959272,-0.092217278,0.225385614,-0.048842405,0.293899652,0.535773263,0.65598588,0.576336412,0.161163029,0.256716759,0.644419763,0.640588717,0.589636954,0.711620097,0.61133798,1.0,0.748718583,0.7599425,0.554060376,0.854003356,0.890100335,0.752979832,0.630048402,0.628375806,0.62277097,0.576666372,0.633570656,0.65124867,0.689544862,0.687807223,0.5581564,0.275315574,0.275296397,0.532353434,0.632086575,0.460514178,0.524764447,-0.00933926,0.436868345,0.592418665,0.656106631,0.74308363,0.668617824,0.213456022,0.479789642,0.388327398,0.163888298],[0.00848398,-0.060973026,-0.238982091,-0.248705335,0.200787516,0.097102209,0.087022067,0.051167467,0.081283884,0.387213242,0.356002646,0.714038036,0.611494063,-0.163873696,0.243244107,-0.088825074,0.342275192,0.553420419,0.657128232,0.560254294,0.107060764,0.283271274,0.820739704,0.80624406,0.730073619,0.899211986,0.738020414,0.748718583,1.0,0.938172066,0.361697699,0.818311487,0.777386026,0.901924769,0.826447499,0.76390694,0.796009279,0.768137053,0.826771295,0.718680444,0.760815179,0.797326756,0.598797656,0.421102962,0.421079114,0.684484676,0.70606705,0.60431878,0.551340393,-0.041283025,0.398319795,0.697754257,0.811838412,0.831006733,0.770505252,0.299706442,0.61073502,0.581569995,0.102948714],[-0.079312538,-0.026905858,-0.123389589,-0.130760641,0.282170755,0.224914909,0.198480471,0.172899456,0.206890395,0.50009705,0.471648821,0.775098264,0.57840702,-0.032673301,0.3575722,0.036184825,0.448577838,0.658775346,0.741197843,0.635636143,0.192953003,0.28184104,0.891340777,0.88395612,0.812364892,0.967617366,0.848442111,0.7599425,0.938172066,1.0,0.385466252,0.869859717,0.838857402,0.970592254,0.877449626,0.858351684,0.874000645,0.832684275,0.857809732,0.815240175,0.857598774,0.79663856,0.603690646,0.368260275,0.368236628,0.662426715,0.694792677,0.6915267,0.524267838,-0.057830896,0.439373909,0.724425617,0.839367668,0.89171572,0.771345344,0.273865021,0.575386048,0.480714828,0.104814145],[-0.05280877,0.14952318,-0.073149384,-0.055329826,0.103626594,0.121953244,0.096543712,0.072808176,0.101226926,0.273429747,0.236129945,0.333552087,0.269858212,-0.006974229,0.110100741,0.015212507,0.139476905,0.28987447,0.319925138,0.351522051,0.088467602,0.160630836,0.358632076,0.352383058,0.342750611,0.362694134,0.332814017,0.554060376,0.361697699,0.385466252,1.0,0.52923369,0.582497536,0.412043155,0.327629703,0.383290316,0.3457556,0.280745016,0.276484646,0.440465216,0.470161302,0.478940782,0.471409925,0.107052695,0.107007489,0.380168886,0.347714891,0.135330837,0.166366294,-0.093407753,0.313945684,0.441081909,0.411419651,0.472553803,0.400823516,0.073706356,0.262739282,0.104236462,0.156829267],[-0.046966057,0.027882819,-0.115800723,-0.119550303,0.312694481,0.222757701,0.189001636,0.181918336,0.195876057,0.488339437,0.446758434,0.739359145,0.572426274,-0.034519889,0.355885973,0.024484568,0.443002086,0.651020298,0.795920369,0.658936055,0.166678089,0.298107387,0.758032473,0.774399694,0.708169627,0.834688698,0.696181168,0.854003356,0.818311487,0.869859717,0.52923369,1.0,0.976083789,0.875825625,0.749552353,0.751912049,0.735416744,0.690776811,0.736720941,0.764146126,0.801250503,0.798513592,0.610213164,0.333492179,0.3334517,0.643020105,0.701809231,0.569841469,0.57240792,-0.067897549,0.429857702,0.691455397,0.780035377,0.860398322,0.765626887,0.282906792,0.588025152,0.515204649,0.210603626],[-0.087016427,0.022320015,-0.091638685,-0.084988784,0.297161416,0.238910766,0.199759878,0.190783837,0.217116387,0.50134327,0.462245048,0.715960998,0.538981616,-0.0107594,0.33338702,0.03659637,0.408077927,0.620921209,0.742363379,0.641340864,0.17759899,0.292732237,0.734512446,0.74817571,0.695864734,0.803371774,0.681826534,0.890100335,0.777386026,0.838857402,0.582497536,0.976083789,1.0,0.847200229,0.720822602,0.733322693,0.711730953,0.662322164,0.700283197,0.759363856,0.795865437,0.759241838,0.605488221,0.312430267,0.31238601,0.591762504,0.676614851,0.553719263,0.516068512,-0.054901093,0.413833713,0.666785997,0.743370263,0.834932667,0.72597054,0.256740528,0.527603914,0.433619598,0.176938817],[-0.072389773,-0.028703944,-0.139414263,-0.119285489,0.290848026,0.220245072,0.187737757,0.144430186,0.214141501,0.506778238,0.481148319,0.789061158,0.606085308,-0.025770973,0.323425904,0.050107624,0.413625188,0.665778172,0.716700008,0.638609608,0.185032009,0.295696554,0.965452929,0.94939251,0.88033566,0.929660039,0.80878188,0.752979832,0.901924769,0.970592254,0.412043155,0.875825625,0.847200229,1.0,0.936519322,0.937551214,0.949721027,0.896904151,0.909976693,0.873097043,0.896500798,0.822879123,0.646571888,0.395303076,0.39525807,0.645225903,0.6923002,0.733313585,0.520392865,-0.036207223,0.421849917,0.75411014,0.865484359,0.927739333,0.781265589,0.259470185,0.619130059,0.4667095,0.101206579],[-0.096337213,-0.087674306,-0.17875497,-0.180712075,0.198527959,0.147588811,0.147901278,0.088721326,0.130652277,0.402781946,0.379140429,0.739602609,0.569000678,-0.061809043,0.204685043,0.026954696,0.293910347,0.55402973,0.610053241,0.536375769,0.132089674,0.221247635,0.962340463,0.960362254,0.921832352,0.843940475,0.732101347,0.630048402,0.826447499,0.877449626,0.327629703,0.749552353,0.720822602,0.936519322,1.0,0.894295259,0.952826212,0.925595932,0.966182579,0.806006496,0.809630029,0.759736599,0.619055147,0.414833843,0.414829404,0.530497301,0.62012569,0.758328821,0.433859961,-0.002354906,0.379972232,0.647476326,0.817058764,0.854452496,0.716635593,0.168804323,0.632804339,0.386120092,-0.006078214],[-0.054431998,-0.035489908,-0.121527975,-0.054084113,0.319237006,0.23409318,0.187531328,0.106019615,0.242836894,0.511812861,0.487107364,0.758897747,0.597627304,0.008408078,0.247252378,0.07576505,0.324401592,0.633911824,0.578314343,0.588586003,0.24047031,0.358456497,0.961520098,0.960765625,0.900630375,0.812683509,0.717749633,0.628375806,0.76390694,0.858351684,0.383290316,0.751912049,0.733322693,0.937551214,0.894295259,1.0,0.962916712,0.901983758,0.862945536,0.897583882,0.896412117,0.770768506,0.650620165,0.381534283,0.381448589,0.58117609,0.618188911,0.732122862,0.450104758,-0.010578743,0.363622813,0.770367593,0.826692661,0.895225856,0.725205829,0.210052647,0.624018953,0.375780349,0.079237772],[-0.072857387,-0.046451002,-0.125272507,-0.088479963,0.26287691,0.206743036,0.173577354,0.102284233,0.211617959,0.466706654,0.449722435,0.727529717,0.546068948,0.001559182,0.246961484,0.077755612,0.325357899,0.620425169,0.615999164,0.575682306,0.194063266,0.278657664,0.989188258,0.959769944,0.904682965,0.835039268,0.71616191,0.62277097,0.796009279,0.874000645,0.3457556,0.735416744,0.711730953,0.949721027,0.952826212,0.962916712,1.0,0.951404047,0.927703403,0.841539064,0.845331452,0.7592041,0.62060306,0.389038128,0.388969828,0.539324034,0.59774707,0.774460651,0.431276656,0.036515116,0.371854893,0.69217463,0.795022346,0.859978417,0.683144703,0.206701004,0.597178744,0.359746627,0.053174954],[-0.043273108,-0.074357544,-0.134316094,-0.076578096,0.24626319,0.197152019,0.170516782,0.072395295,0.213874706,0.440760416,0.436858027,0.710525397,0.533410947,0.010046751,0.228393379,0.090619005,0.305467877,0.5882478,0.609177073,0.526791511,0.18759604,0.268153207,0.936384126,0.922209672,0.857519077,0.787294577,0.663203853,0.576666372,0.768137053,0.832684275,0.280745016,0.690776811,0.662322164,0.896904151,0.925595932,0.901983758,0.951404047,1.0,0.950307455,0.760617403,0.767304446,0.701277211,0.549865994,0.435291024,0.435240837,0.474016437,0.613424064,0.825156788,0.414896863,0.071093362,0.385704359,0.632088362,0.732191519,0.785595061,0.653054312,0.238935783,0.591671158,0.356931362,0.073844357],[-0.049759611,-0.096582551,-0.180316802,-0.161011182,0.222451405,0.15855652,0.150844816,0.076113771,0.153985466,0.41280803,0.398469603,0.729088557,0.570602823,-0.065089119,0.211278508,0.021162252,0.299392823,0.56124458,0.624327485,0.527179044,0.161805374,0.23465381,0.92831901,0.936922747,0.879792492,0.81301177,0.694492884,0.633570656,0.826771295,0.857809732,0.276484646,0.736720941,0.700283197,0.909976693,0.966182579,0.862945536,0.927703403,0.950307455,1.0,0.767084015,0.771117752,0.739503057,0.58162137,0.404402569,0.404395788,0.496303236,0.637528348,0.788007364,0.437394854,0.004725805,0.369022973,0.62267263,0.786154109,0.817689162,0.707666165,0.234057158,0.640928632,0.436515359,0.041409992],[-0.127670422,-0.053950844,-0.102361905,-0.041548991,0.369226957,0.277237273,0.212875722,0.154350465,0.269115048,0.583792946,0.527719345,0.800834614,0.656353131,0.040953565,0.282375283,0.118083675,0.362653094,0.670686469,0.579155094,0.657739656,0.30039056,0.381775064,0.855429998,0.892318555,0.846260388,0.762755159,0.709387343,0.65124867,0.718680444,0.815240175,0.440465216,0.764146126,0.759363856,0.873097043,0.806006496,0.897583882,0.841539064,0.760617403,0.767084015,1.0,0.980831903,0.765554904,0.691070508,0.265264501,0.265231842,0.577742062,0.60041833,0.643135335,0.444132242,-0.235567877,0.255030015,0.792455217,0.846405902,0.904570271,0.783194192,0.217238167,0.61981254,0.370071382,0.144299249],[-0.172408549,-0.031095707,-0.107081542,-0.047216621,0.354718269,0.292703066,0.229643193,0.186611071,0.282060151,0.609656949,0.555331598,0.818429461,0.673846719,0.051943171,0.276886488,0.134070349,0.356562308,0.701256746,0.610875165,0.705225508,0.29592156,0.384863224,0.85854447,0.887230889,0.831561575,0.81131956,0.742869088,0.689544862,0.760815179,0.857598774,0.470161302,0.801250503,0.795865437,0.896500798,0.809630029,0.896412117,0.845331452,0.767304446,0.771117752,0.980831903,1.0,0.785147211,0.690541022,0.268613306,0.268581703,0.591107863,0.614309653,0.636185826,0.441824141,-0.230472874,0.308825322,0.818062177,0.870204544,0.922150227,0.81561604,0.239364253,0.626865744,0.357725417,0.138241144],[0.131676999,-0.014001968,-0.458014289,-0.506524874,0.103512317,-0.148264778,-0.159340604,-0.10986127,-0.191464825,0.287929215,0.180144903,0.698478412,0.674633831,-0.398754942,-0.002835148,-0.293370806,0.121834383,0.538927524,0.567094566,0.573925732,0.022354489,0.327577625,0.774611474,0.789508702,0.737029812,0.772804822,0.596995509,0.687807223,0.797326756,0.79663856,0.478940782,0.798513592,0.759241838,0.822879123,0.759736599,0.770768506,0.7592041,0.701277211,0.739503057,0.765554904,0.785147211,1.0,0.782346437,0.415726553,0.41568767,0.720697903,0.70646497,0.507236747,0.620135343,-0.11107685,0.47386701,0.778285175,0.828419815,0.838948041,0.795189813,0.332452135,0.755662535,0.603060729,0.078704743],[0.022444843,-0.064386392,-0.427718966,-0.439727158,0.019195829,-0.208273834,-0.19770774,-0.200972989,-0.227264838,0.125503743,0.050968183,0.490967714,0.506964604,-0.369613813,-0.129441684,-0.280381191,-0.021238284,0.363866434,0.35571242,0.383965404,-0.036411395,0.25563825,0.635290386,0.662582355,0.695373438,0.565262791,0.525366387,0.5581564,0.598797656,0.603690646,0.471409925,0.610213164,0.605488221,0.646571888,0.619055147,0.650620165,0.62060306,0.549865994,0.58162137,0.691070508,0.690541022,0.782346437,1.0,0.264377154,0.264364847,0.577955378,0.469905257,0.316014817,0.470786957,-0.10585599,0.435302705,0.709567793,0.67846019,0.737166819,0.604686866,0.257813074,0.570162882,0.408662215,-0.023131447],[0.332540255,-0.124582728,-0.368875956,-0.284062004,0.026632839,-0.217136707,-0.164452878,-0.286127233,-0.198752009,-0.002215593,-0.035536498,0.41896506,0.503509748,-0.33706798,-0.206676476,-0.30985908,-0.159977849,0.166460876,0.18318488,0.263209065,-0.221526226,0.391505123,0.41048773,0.401861735,0.354129121,0.312327857,0.334090531,0.275315574,0.421102962,0.368260275,0.107052695,0.333492179,0.312430267,0.395303076,0.414833843,0.381534283,0.389038128,0.435291024,0.404402569,0.265264501,0.268613306,0.415726553,0.264377154,1.0,0.999999497,0.362769046,0.690803548,0.534657476,0.457724778,0.314619679,-0.036287426,0.365410355,0.416236744,0.340167058,0.452055335,-0.030759463,0.464641361,0.37358387,-0.075571156],[0.332477899,-0.124627608,-0.368895977,-0.284156482,0.026564476,-0.217214996,-0.164475466,-0.286082015,-0.198863505,-0.002329117,-0.035656562,0.418948738,0.503509515,-0.337115014,-0.206725794,-0.309889098,-0.160023893,0.166361607,0.183104542,0.263159041,-0.221578918,0.391443973,0.410431917,0.401828407,0.354119191,0.312295205,0.334129089,0.275296397,0.421079114,0.368236628,0.107007489,0.3334517,0.31238601,0.39525807,0.414829404,0.381448589,0.388969828,0.435240837,0.404395788,0.265231842,0.268581703,0.41568767,0.264364847,0.999999497,1.0,0.362688301,0.690766377,0.534600788,0.457727376,0.314570177,-0.036366054,0.365387104,0.416234045,0.340159606,0.452056958,-0.030786251,0.464653643,0.373568535,-0.075652655],[0.252709041,-0.051877365,-0.389009803,-0.38843534,0.101998118,-0.154285419,-0.172475032,-0.166678005,-0.153577476,0.192085229,0.122442007,0.50488688,0.497208302,-0.38046274,0.1192975,-0.325179393,0.240797537,0.398037498,0.478316506,0.418316742,0.023616194,0.255416204,0.562688912,0.564884749,0.483526726,0.648100502,0.51224648,0.532353434,0.684484676,0.662426715,0.380168886,0.643020105,0.591762504,0.645225903,0.530497301,0.58117609,0.539324034,0.474016437,0.496303236,0.577742062,0.591107863,0.720697903,0.577955378,0.362769046,0.362688301,1.0,0.632554859,0.263181564,0.552116306,-0.160547518,0.338418595,0.628135052,0.613927878,0.654571875,0.610833042,0.187436142,0.533444603,0.572706046,0.073828874],[0.225542879,-0.061826465,-0.333324618,-0.302938588,0.214666463,-0.014979937,0.014862756,-0.088602846,-0.038194675,0.309396358,0.244877474,0.665340612,0.653758636,-0.263913289,0.102670319,-0.195998972,0.194254145,0.475911757,0.51101035,0.537674041,0.091087935,0.481865918,0.625372376,0.645529058,0.549614426,0.638402243,0.55010906,0.632086575,0.70606705,0.694792677,0.347714891,0.701809231,0.676614851,0.6923002,0.62012569,0.618188911,0.59774707,0.613424064,0.637528348,0.60041833,0.614309653,0.70646497,0.469905257,0.690803548,0.690766377,0.632554859,1.0,0.607498941,0.546443373,0.100327786,0.221767604,0.611107816,0.680407309,0.653787411,0.708900204,0.136208666,0.656230657,0.555976685,0.211460889],[-0.054039726,-0.042191604,-0.010072139,0.086679703,0.313777621,0.284446514,0.25021845,0.102481046,0.315976072,0.459392427,0.471441737,0.644063531,0.423403437,0.139964985,0.280445001,0.197772222,0.323757935,0.556237376,0.560424835,0.484916861,0.217285293,0.280735752,0.758568741,0.772873504,0.733335459,0.66402471,0.538360975,0.460514178,0.60431878,0.6915267,0.135330837,0.569841469,0.553719263,0.733313585,0.758328821,0.732122862,0.774460651,0.825156788,0.788007364,0.643135335,0.636185826,0.507236747,0.316014817,0.534657476,0.534600788,0.263181564,0.607498941,1.0,0.343714748,0.177774143,0.255328275,0.445340964,0.573124437,0.596595679,0.513204535,0.153977486,0.4207992,0.258688952,0.088279314],[0.216954355,-0.027392853,-0.302397199,-0.323975018,0.225596765,-0.049223144,-0.022217627,-0.034811065,-0.108856812,0.222794819,0.141174784,0.570223413,0.605981025,-0.254708328,0.119056517,-0.187161051,0.217667026,0.453834237,0.493023832,0.481851823,0.053140464,0.32071725,0.449648968,0.451283828,0.391679939,0.512009059,0.391548279,0.524764447,0.551340393,0.524267838,0.166366294,0.57240792,0.516068512,0.520392865,0.433859961,0.450104758,0.431276656,0.414896863,0.437394854,0.444132242,0.441824141,0.620135343,0.470786957,0.457724778,0.457727376,0.552116306,0.546443373,0.343714748,1.0,0.122473707,0.280569389,0.429820302,0.480900116,0.500121906,0.544866654,0.02507348,0.492520846,0.463402674,0.129385847],[0.210521044,0.12443167,0.02628738,0.022049114,-0.036320339,-0.104278434,-0.034708945,-0.108990973,-0.108769096,-0.300512147,-0.253389522,-0.156198598,-0.067295591,-0.021463854,-0.065231389,-0.070475664,-0.088450889,-0.193736163,-0.048860542,-0.193964053,-0.197094995,0.01379252,0.012359407,-0.042708121,-0.031295193,-0.003650798,-0.178769508,-0.00933926,-0.041283025,-0.057830896,-0.093407753,-0.067897549,-0.054901093,-0.036207223,-0.002354906,-0.010578743,0.036515116,0.071093362,0.004725805,-0.235567877,-0.230472874,-0.11107685,-0.10585599,0.314619679,0.314570177,-0.160547518,0.100327786,0.177774143,0.122473707,1.0,0.037601255,-0.144912816,-0.108586658,-0.125584376,-0.131861218,-0.184254339,-0.037805709,-0.099061893,0.048345805],[-0.129271707,0.123288307,-0.074036829,-0.189112168,0.04581316,0.026762711,0.005471897,0.104416574,-0.005003569,0.198645573,0.171129523,0.248309883,0.164834539,-0.057273226,0.203725501,0.002110623,0.260729188,0.317101954,0.462728175,0.268542248,0.056504338,-0.007964334,0.370996873,0.373362473,0.394725529,0.472871275,0.270729891,0.436868345,0.398319795,0.439373909,0.313945684,0.429857702,0.413833713,0.421849917,0.379972232,0.363622813,0.371854893,0.385704359,0.369022973,0.255030015,0.308825322,0.47386701,0.435302705,-0.036287426,-0.036366054,0.338418595,0.221767604,0.255328275,0.280569389,0.037601255,1.0,0.343610069,0.359062745,0.39647008,0.312309857,0.3273693,0.154661826,0.24335201,0.141181514],[0.043461706,0.016709134,-0.308780503,-0.221406722,0.233177275,0.040419146,-0.032139537,-0.040823282,0.068341505,0.379700937,0.333869368,0.631900435,0.679121288,-0.17900444,0.046428684,-0.094482091,0.130563615,0.483270186,0.417149845,0.519163939,0.09591148,0.405962781,0.707968602,0.737923566,0.658230192,0.664641879,0.611225436,0.592418665,0.697754257,0.724425617,0.441081909,0.691455397,0.666785997,0.75411014,0.647476326,0.770367593,0.69217463,0.632088362,0.62267263,0.792455217,0.818062177,0.778285175,0.709567793,0.365410355,0.365387104,0.628135052,0.611107816,0.445340964,0.429820302,-0.144912816,0.343610069,1.0,0.866164582,0.872875919,0.833765833,0.474332795,0.635101336,0.482895775,0.134235717],[-0.018731115,-0.057920118,-0.26296604,-0.265461117,0.244276037,0.103353991,0.077841965,0.084852446,0.082412566,0.416855379,0.370001393,0.788833799,0.755016432,-0.152178819,0.150218187,-0.053002496,0.250219626,0.554072352,0.549474026,0.580298884,0.130200438,0.38501655,0.8202371,0.858334434,0.81265277,0.782473217,0.708239141,0.656106631,0.811838412,0.839367668,0.411419651,0.780035377,0.74